{
  "advancedEditorSelectedIdentifier" : "ProjectBrowser",
  "openSceneRelativePaths" : [
    "Untitled Scene.usda"
  ],
  "recentIdentifiers" : {
    "51A7D50A-29C2-45C3-BAE9-8BD39B382F56" : [

    ]
  },
  "sceneCameraHistory" : {
    "44C91CF5-E3EE-44BD-A656-CA2A052BD068" : [
      {
        "date" : 762253519.515894,
        "title" : "Untitled",
        "transform" : [
          1,
          0,
          0,
          0,
          0,
          0.7071069,
          -0.70710677,
          0,
          0,
          0.70710677,
          0.7071069,
          0,
          0,
          6.7468963,
          6.7468977,
          1
        ]
      }
    ],
    "51A7D50A-29C2-45C3-BAE9-8BD39B382F56" : [
      {
        "date" : 762254059.202021,
        "title" : "Untitled",
        "transform" : [
          0.86234814,
          1.2895958e-08,
          0.5063158,
          0,
          0.12395761,
          0.9695679,
          -0.21112238,
          0,
          -0.49090758,
          0.24482264,
          0.83610505,
          0,
          -0.63792384,
          3.5932655,
          3.9946165,
          1
        ]
      },
      {
        "date" : 762253987.112602,
        "title" : "Untitled",
        "transform" : [
          0.8630195,
          1.2895958e-08,
          0.5051706,
          0,
          0.12367724,
          0.9695679,
          -0.21128675,
          0,
          -0.48979723,
          0.24482264,
          0.836756,
          0,
          -2.434637,
          4.818559,
          5.459627,
          1
        ]
      },
      {
        "date" : 762253983.459544,
        "title" : "Untitled",
        "transform" : [
          0.9997228,
          0,
          0.023542136,
          0,
          0.0166468,
          0.7071068,
          -0.7069107,
          0,
          -0.016646806,
          0.70710677,
          0.7069109,
          0,
          4.530707,
          7.8247104,
          2.0121977,
          1
        ]
      },
      {
        "date" : 762253981.725999,
        "title" : "Untitled",
        "transform" : [
          0.99982697,
          0,
          0.018599391,
          0,
          0.013151754,
          0.7071068,
          -0.7069844,
          0,
          -0.013151757,
          0.70710677,
          0.7069846,
          0,
          4.509668,
          11.035558,
          5.223268,
          1
        ]
      },
      {
        "date" : 762253961.92749,
        "title" : "Untitled",
        "transform" : [
          0.99982697,
          0,
          0.018599391,
          0,
          0.013151754,
          0.7071068,
          -0.7069844,
          0,
          -0.013151757,
          0.70710677,
          0.7069846,
          0,
          1.4509114,
          10.994436,
          5.2074947,
          1
        ]
      },
      {
        "date" : 762253959.404382,
        "title" : "Untitled",
        "transform" : [
          0.9999364,
          0,
          0.011276006,
          0,
          0.00797334,
          0.7071069,
          -0.7070618,
          0,
          -0.007973341,
          0.70710677,
          0.70706195,
          0,
          -0.014380211,
          2.1897178,
          2.117301,
          1
        ]
      }
    ],
    "D18D1998-7A20-4414-B592-BDB902E3BD3C" : [
      {
        "date" : 762253534.173023,
        "title" : "Untitled",
        "transform" : [
          0.9669216,
          4.2035326e-09,
          0.25507364,
          0,
          0.058788296,
          0.9730781,
          -0.22285187,
          0,
          -0.24820659,
          0.23047571,
          0.94089025,
          0,
          -2.2629619,
          4.7645574,
          7.5752025,
          1
        ]
      },
      {
        "date" : 762253529.475898,
        "title" : "Untitled",
        "transform" : [
          0.9964382,
          0,
          0.08432662,
          0,
          0.059627917,
          0.7071068,
          -0.7045881,
          0,
          -0.05962793,
          0.70710677,
          0.7045883,
          0,
          -0.9659815,
          12.412947,
          8.380117,
          1
        ]
      }
    ]
  },
  "sceneViewportBackgroundColors" : {

  },
  "selectedSceneRelativePath" : "Untitled Scene.usda"
}